simple: 0.00218
gmm: 0.00509
proposed 0.00244
