simple: 0.00206
gmm: 0.00173
proposed: 0.0015
