simple: 0.00246
gmm: 0.00204
proposed: 0.00197

